0.2135181427001953
0.15214085578918457
0.8013241291046143
0.12148499488830566
0.30364274978637695
0.5870182514190674
0.17339491844177246
0.15212607383728027
0.16644978523254395
0.3049201965332031
1.7739789485931396
2.266303062438965
2.866131067276001
0.21297693252563477
0.39052414894104004
0.1299598217010498
1.8100359439849854
0.2422018051147461
4.25120997428894
0.5346391201019287
0.3671560287475586
0.4149188995361328
3.265479803085327
3.2962512969970703
0.24196982383728027
0.13441896438598633
0.44568920135498047
0.09905290603637695
0.15950798988342285
1.0235021114349365
0.4179399013519287
0.22992992401123047
0.8926291465759277
0.27573204040527344
0.2301640510559082
0.5655632019042969
6.685816049575806
0.6083226203918457
0.034027099609375
0.1431732177734375
0.18735384941101074
2.1179511547088623
0.026834964752197266
0.145582914352417
0.2035219669342041
0.3326680660247803
1.537402868270874
0.287182092666626
0.26696300506591797
0.2708292007446289
0.16856861114501953
2.6081480979919434
0.4107320308685303
0.13756585121154785
0.3641819953918457
0.32851409912109375
0.2186281681060791
0.3044869899749756
0.38733792304992676
0.08734679222106934
0.6410782337188721
1.0864169597625732
0.3233370780944824
0.716425895690918
3.077317953109741
2.7877449989318848
0.5218391418457031
0.2637169361114502
0.20615792274475098
0.22618508338928223
0.2834150791168213
0.6093480587005615
1.939051866531372
4.780009984970093
3.9692418575286865
1.3574671745300293
1.1176369190216064
3.646850109100342
0.16012907028198242
0.42787790298461914
0.3655080795288086
0.4986867904663086
0.17894315719604492
3.021812915802002
0.4102931022644043
1.0141339302062988
4.522806167602539
1.3171970844268799
0.19681191444396973
0.031491994857788086
0.07369685173034668
0.22724413871765137
0.5728030204772949
0.33124709129333496
0.4264709949493408
0.7008838653564453
0.1598038673400879
0.2224559783935547
0.028847217559814453
0.04932594299316406
0.04361701011657715
1.0421578884124756
0.2608480453491211
0.3069489002227783
0.058077096939086914
0.21070098876953125
0.18092584609985352
0.1720561981201172
0.04734206199645996
0.28271985054016113
0.6038980484008789
1.201591968536377
5.002794027328491
2.2676169872283936
0.8982880115509033
2.2208919525146484
0.8806591033935547
0.05430293083190918
0.1712958812713623
1.237177848815918
0.2993309497833252
1.2614562511444092
0.2469489574432373
0.03686189651489258
0.05008816719055176
0.05008888244628906
0.16863584518432617
0.10895895957946777
0.03899025917053223
0.11771988868713379
0.6663599014282227
0.40839123725891113
0.218674898147583
0.14068984985351562
0.19064807891845703
0.26242899894714355
0.12313699722290039
0.04274725914001465
0.09460783004760742
0.043710947036743164
0.1302471160888672
0.048171043395996094
0.047821760177612305
0.2719240188598633
0.5264341831207275
2.5000829696655273
0.2310330867767334
0.029098987579345703
0.2245197296142578
0.786757230758667
0.1891028881072998
0.04536604881286621
0.12075114250183105
0.9947307109832764
0.4190812110900879
0.4387500286102295
0.9801521301269531
1.1302416324615479
0.30396413803100586
0.8771700859069824
1.1270549297332764
0.3240678310394287
0.23153209686279297
0.4559359550476074
0.11781930923461914
0.0597996711730957
0.24192118644714355
0.04976797103881836
0.09834790229797363
1.524756908416748
0.7117362022399902
0.06209278106689453
0.36153101921081543
0.6296441555023193
0.41496872901916504
1.0304923057556152
0.9311807155609131
0.3161280155181885
0.2104170322418213
1.008924961090088
0.1036989688873291
0.2351212501525879
0.13588404655456543
0.31527280807495117
0.6044728755950928
0.9503569602966309
0.16889715194702148
1.077970027923584
2.876664161682129
0.5361089706420898
0.18175578117370605
0.04693007469177246
0.08957314491271973
0.04214596748352051
0.28821778297424316
0.1843273639678955
0.3516247272491455
1.6096820831298828
0.47078895568847656
0.9707701206207275
0.7487528324127197
0.12627196311950684
0.5003502368927002
1.0945508480072021
0.8928518295288086
1.051159143447876
3.0001251697540283
8.318112850189209
1.1119699478149414
3.286903142929077
0.3210780620574951
0.3326137065887451
0.6255900859832764
0.2140522003173828
0.13688278198242188
0.22879528999328613
0.027321815490722656
0.05596303939819336
0.18438291549682617
0.18926024436950684
0.946577787399292
0.2773559093475342
0.4676380157470703
0.06288695335388184
0.03148627281188965
0.0427248477935791
0.029015064239501953
0.27744102478027344
1.1288299560546875
0.32850003242492676
0.47022509574890137
0.5010948181152344
0.2523458003997803
1.7700941562652588
1.8522300720214844
1.5660979747772217
2.9065160751342773
0.5301039218902588
0.10126900672912598
0.21846699714660645
0.20573186874389648
0.20699524879455566
0.12709307670593262
0.25208187103271484
0.8317198753356934
0.19627594947814941
0.7051382064819336
0.13572478294372559
0.3886730670928955
0.9341840744018555
0.7236089706420898
0.0279390811920166
0.04461383819580078
0.043370962142944336
0.33379030227661133
1.2537391185760498
0.34755921363830566
0.25353479385375977
0.17563605308532715
2.0971620082855225
0.14101505279541016
0.5488808155059814
1.405564308166504
2.9545106887817383
3.5414421558380127
0.3863999843597412
0.10326504707336426
0.9516689777374268
0.9989538192749023
1.2465260028839111
3.1564149856567383
2.4429001808166504
1.4511990547180176
1.8312451839447021
1.1973309516906738
0.14728903770446777
0.4038980007171631
0.4141578674316406
0.13368916511535645
0.07550883293151855
0.07437705993652344
0.21764397621154785
0.11143612861633301
0.11266779899597168
1.4238619804382324
0.40994715690612793
0.036599159240722656
0.10152673721313477
0.030483245849609375
0.7518720626831055
0.2438950538635254
0.1415548324584961
0.24540328979492188
1.902406930923462
0.43363285064697266
0.16028428077697754
0.06389307975769043
0.17134785652160645
0.4590318202972412
0.7072439193725586
0.701261043548584
0.17184901237487793
0.4398350715637207
2.596318006515503
3.7295730113983154
3.4325549602508545
4.106031894683838
0.44179391860961914
0.5609691143035889
0.18499493598937988
0.04487919807434082
0.2760319709777832
1.7667739391326904
1.446800947189331
0.38352489471435547
4.1078782081604
2.3716018199920654
1.1574201583862305
0.5068740844726562
0.8546888828277588
0.7563350200653076
0.11207914352416992
0.28769564628601074
1.0551609992980957
0.4045138359069824
2.1724889278411865
0.7075083255767822
1.4329638481140137
0.8698680400848389
0.3108940124511719
0.26546597480773926
0.1927049160003662
1.1842689514160156
8.44258999824524
2.7757351398468018
0.2707040309906006
0.04988694190979004
0.05166006088256836
0.07122802734375
0.3442089557647705
